-0.829661621441E+01 1  2.5477579427900015 4
-0.829661621441E+01 1  2.5477579427900015 4
-0.106816699242E+02 1  0.16270423300000125 32
-0.106816699242E+02 1  0.16270423300000125 32
-0.108262654081E+02 2  0.018108749100001376 108
-0.108262654081E+02 2  0.018108749100001376 108
-0.108417111101E+02 2  0.0026630471000004263 256
-0.108417111101E+02 2  0.0026630471000004263 256
-0.108439132233E+02 6  0.0004609339000012369 500
-0.108442957641E+02 6  7.839310000079536e-05 864
-0.108443771470E+02 6  2.9897999986872037e-06 1024
-0.108443657065E+02 6  8.450700001105815e-06 2048
-0.108443783607E+02 10  4.203499999633209e-06 2000
-0.108443748425E+02 10  6.852999998585574e-07 4000
-0.108443745262E+02 10  3.689999985567738e-07 5324
-0.108443724544E+02 10  1.7028000005581134e-06 5488
-0.108443738792E+02 19  2.779999999091842e-07 8788
-0.108443738346E+02 19  3.226000000466911e-07 8192
-0.108443749566E+02 28  7.993999986410927e-07 16384
